% This program will omit Q in volt-controlled bus
% Set MATLAB "Preferences"-"Command Window"-"Numeric format"-"short"
% 1. Parameters
% Branch=Branch30;
    % 1         2           3         4         5          6
 %  fromBus    toBus        R         X         B        ratio      phaseshtif
Branch=[
    1.0000    2.0000    0.0192    0.0575    0.0528         0         0
    1.0000    3.0000    0.0452    0.1652    0.0408         0         0
    2.0000    4.0000    0.0570    0.1737    0.0368         0         0
    3.0000    4.0000    0.0132    0.0379    0.0084         0         0
    2.0000    5.0000    0.0472    0.1983    0.0418         0         0
    2.0000    6.0000    0.0581    0.1763    0.0374         0         0
    4.0000    6.0000    0.0119    0.0414    0.0090         0         0
    5.0000    7.0000    0.0460    0.1160    0.0204         0         0
    6.0000    7.0000    0.0267    0.0820    0.0170         0         0
    6.0000    8.0000    0.0120    0.0420    0.0090         0         0
    6.0000    9.0000         0    0.2080         0    0.9780         0
    6.0000   10.0000         0    0.5560         0    0.9690         0
    9.0000   11.0000         0    0.2080         0         0         0
    9.0000   10.0000         0    0.1100         0         0         0
    4.0000   12.0000         0    0.2560         0    0.9320         0
   12.0000   13.0000         0    0.1400         0         0         0
   12.0000   14.0000    0.1231    0.2559         0         0         0
   12.0000   15.0000    0.0662    0.1304         0         0         0
   12.0000   16.0000    0.0945    0.1987         0         0         0
   14.0000   15.0000    0.2210    0.1997         0         0         0
   16.0000   17.0000    0.0524    0.1923         0         0         0
   15.0000   18.0000    0.1073    0.2185         0         0         0
   18.0000   19.0000    0.0639    0.1292         0         0         0
   19.0000   20.0000    0.0340    0.0680         0         0         0
   10.0000   20.0000    0.0936    0.2090         0         0         0
   10.0000   17.0000    0.0324    0.0845         0         0         0
   10.0000   21.0000    0.0348    0.0749         0         0         0
   10.0000   22.0000    0.0727    0.1499         0         0         0
   21.0000   22.0000    0.0116    0.0236         0         0         0
   15.0000   23.0000    0.1000    0.2020         0         0         0
   22.0000   24.0000    0.1150    0.1790         0         0         0
   23.0000   24.0000    0.1320    0.2700         0         0         0
   24.0000   25.0000    0.1885    0.3292         0         0         0
   25.0000   26.0000    0.2544    0.3800         0         0         0
   25.0000   27.0000    0.1093    0.2087         0         0         0
   28.0000   27.0000         0    0.3960         0    0.9680         0
   27.0000   29.0000    0.2198    0.4153         0         0         0
   27.0000   30.0000    0.3202    0.6027         0         0         0
   29.0000   30.0000    0.2399    0.4533         0         0         0
    8.0000   28.0000    0.0636    0.2000    0.0428         0         0
    6.0000   28.0000    0.0169    0.0599    0.0130         0         0];

% Bus=Bus30;
 %Bus Type
 % 0 - Unregulated (load, PQ)
 % 1 - Hold MVAR generation within voltage limits, (PQ)
 % 2 - Hold voltage within VAR limits (gen, PV)
 % 3 - Hold voltage and angle (swing, V-Theta) (must always have one)
     %1        2           3        4         5        6         7         8           9          10        11         12
   %Bus   V_desired(kV)  Type      V(pu)    Angle    P-load    Q-load     P-Gen     Q-Gen   switch_shunt  shunt_G   shunt_B       S_dc   busWithHarm
Bus=[
    1.0000  132.0000    3.0000    1.0600   98.4320         0         0  260.0000  -16.7900         0         0         0            0    0
    2.0000  132.0000    2.0000    1.0431   93.0800   21.7000   12.7000   40.0000   50.0000         0         0         0            0    0
    3.0000  132.0000         0    1.0207   90.9000    2.4000    1.2000         0         0         0         0         0            0    0
    4.0000  132.0000         0    1.0118   89.1480    7.6000    1.6000         0         0         0         0         0            0    1
    5.0000  132.0000    2.0000    1.0100   84.2660   94.2000   19.0000         0   36.8000         0         0         0            0    0   
    6.0000  132.0000         0    1.0103   87.3670         0         0         0         0         0         0         0            0    0
    7.0000  132.0000         0    1.0024   85.5660   22.8000   10.9000         0         0         0         0         0            0    0
    8.0000  132.0000    2.0000    1.0100   86.6180   30.0000   30.0000         0   37.1000         0         0         0            0    0
    9.0000   33.0000         0    1.0509   84.3230         0         0         0         0         0         0         0            0    0
   10.0000   33.0000         0    1.0451   82.7320    5.8000    2.0000         0         0         0         0         0.19         0    0
   11.0000   33.0000    2.0000    1.0820   84.3230         0         0         0   16.2000         0         0         0            0    0
   12.0000   33.0000         0    1.0571   83.4880   11.2000    7.5000         0         0         0         0         0            0    1
   13.0000   33.0000    2.0000    1.0710   83.4880         0         0         0   10.6000         0         0         0            0    0
   14.0000   33.0000         0    1.0423   82.5960    6.2000    1.6000         0         0         0         0         0            0    0
   15.0000   33.0000         0    1.0377   82.5040    8.2000    2.5000         0         0         0         0         0            0    0
   16.0000   33.0000         0    1.0444   82.9050    3.5000    1.8000         0         0         0         0         0            0    0
   17.0000   33.0000         0    1.0399   82.5700    9.0000    5.8000         0         0         0         0         0            0    0
   18.0000   33.0000         0    1.0282   81.8900    3.2000    0.9000         0         0         0         0         0            0    0
   19.0000   33.0000         0    1.0257   81.7160    9.5000    3.4000         0         0         0         0         0            0    0
   20.0000   33.0000         0    1.0297   81.9130    2.2000    0.7000         0         0         0         0         0            0    0
   21.0000   33.0000         0    1.0327   82.2890   17.5000   11.2000         0         0         0         0         0            0    0
   22.0000   33.0000         0    1.0333   82.3030         0         0         0         0         0         0         0            0    0
   23.0000   33.0000         0    1.0272   82.1140       3.2       1.6         0         0         0         0         0            0    0
   24.0000   33.0000         0    1.0216   81.9370    8.7000    6.7000         0         0         0         0         0.043        0    0
   25.0000   33.0000         0    1.0173   82.3650         0         0         0         0         0         0         0            0    0
   26.0000   33.0000         0    0.9997   81.9450       3.5       2.3         0         0         0         0         0            0    0
   27.0000   33.0000         0    1.0232   82.8890         0         0         0         0         0         0         0            0    0
   28.0000  132.0000         0    1.0068   86.7430         0         0         0         0         0         0         0            0    0
   29.0000   33.0000         0    1.0034   81.6590    2.4000    0.9000         0         0         0         0         0            0    0
   30.0000   33.0000         0    0.9919   80.7760   10.6000    1.9000         0         0         0         0         0            0    0];
